39
269
322
328
376
381
585
606
692
782
813
880
969
1022
1220
1239
1245
1342
1390
1401
1489
1512
1562
1713
1771
1913
1928
1999
2014
2035
2098
2141
2149
2192
2301
2303
2315
2351
2498
2546
2661
2709
2919
3067
3080
3230
3273
3308
3595
3617
3725
3782
3784
3802
3808
3835
3870
3884
4098
4116
4169
4171
4356
4542
4580
4657
4664
4708
4894
4900
4946
4970
5003
5123
5129
5281
5417
5491
5514
5527
5619
5708
5868
6029
6043
6091
6096
6101
6251
6283
6308
6480
6552
6596
6677
6727
6741
6796
6942
6957
6972
7144
7196
7257
7262
7345
7477
7487
7491
7522
7580
7591
7663
7731
7736
7767
7768
7814
7817
7862
8077
8079
8090
8113
8149
8170
8362
8473
8518
8535
8541
8545
8565
8599
8620
8627
8800
8940
9022
9037
9041
9058
9108
9123
9214
9237
9277
9311
9323
9370
9448
9465
9555
9584
9772
9929
10054
10184
10268
10385
10392
10447
10559
10583
10682
10842
10963
10998
11025
11036
11070
11117
11149
11171
11365
11384
11525
11533
11846
11983
12107
12199
12218
12220
12224
12364
12386
12441
12453
12659
12705
12712
12798
12884
12893
13009
13055
13098
13191
13361
13464
13499
13533
13607
13611
13653
13670
13730
13827
13853
13963
13978
14042
14052
14405
14505
14557
14595
14623
14668
14829
14964
14981
15028
15096
15130
15155
15216
15328
15341
15391
15395
15436
15555
15578
15598
15679
15757
15913
15972
15990
16041
16060
16151
16315
16326
16399
16778
16883
16916
17071
17375
17443
17458
17491
17602
17661
17665
17677
17684
17866
17884
17922
17932
18117
18145
18226
18295
18351
18384
18426
18455
18490
18633
18641
18774
18904
19219
19245
19289
19358
19372
19419
19498
19520
19537
19575
19602
19648
19810
19833
19864
19900
20094
20155
20163
20188
20241
20259
20325
20420
20423
20504
20526
20554
20614
20634
20858
20891
20920
20981
21018
21205
21238
21311
21312
21395
21398
21398
21415
21514
21521
21531
21583
21615
21687
21706
21793
21852
21899
21947
22124
22136
22173
22307
22311
22345
22370
22378
22404
22427
22427
22501
22514
22566
22640
22656
22692
22760
22772
22833
22914
23072
23075
23084
23111
23172
23195
23197
23224
23319
23387
23402
23430
23453
23506
23585
23696
23719
23840
23867
24048
24142
24143
24324
24380
24385
24462
24593
24781
24888
24999
25002
25086
25450
25498
25904
25955
26021
26214
26251
26256
26449
26544
26545
26627
26699
26773
26791
26830
26962
27069
27083
27156
27159
27194
27227
27336
27383
27440
27444
27460
27496
27790
27883
27966
28059
28083
28092
28201
28205
28208
28210
28290
28438
28483
28549
28550
28572
28578
28609
28718
28771
28781
28804
28848
28928
28931
28964
28972
28999
29031
29085
29328
29409
29441
29687
29780
29826
30032
30120
30198
30244
30273
30273
30349
30497
30535
30557
30574
30611
30705
30711
31018
31114
31260
31453
31649
31723
32000
32228
32315
32425
32442
32450
32532
32541
32602
32756
32783
32792
32820
32865
32874
32889
32952
32956
32978
33134
33150
33154
33405
33645
33856
33879
33881
33890
33924
33982
33996
34070
34117
34561
34621
34646
34660
34705
34754
34845
34890
34916
34935
34964
34998
35113
35229
35278
35463
35823
35826
36118
36216
36368
36374
36392
36436
36464
36468
36518
36524
36524
36529
36539
36636
36663
36672
36675
36810
36922
36943
36983
37047
37057
37063
37511
37540
37576
37606
37673
37721
37799
38025
38082
38107
38111
38174
38336
38362
38669
38697
38698
38700
38734
38753
38772
38775
38791
38912
38920
38929
38976
39074
39120
39151
39195
39206
39304
39338
39370
39425
39530
39543
39633
39720
39933
39993
40166
40178
40185
40572
40891
40946
41003
41090
41114
41118
41126
41250
41306
41318
41389
41421
41452
41462
41482
41565
41668
41681
41682
41683
41713
41747
41785
41856
41934
41938
41942
42004
42008
42034
42090
42224
42252
42261
42632
42633
42694
42816
42932
42960
43046
43051
43121
43151
43153
43181
43218
43328
43430
43637
43765
43973
43996
44021
44059
44395
44455
44560
44611
44744
44770
44813
44817
44860
44954
44964
44981
45247
45278
45366
45457
45483
45502
45515
45563
45583
45633
45637
45688
45737
45745
45772
45912
45975
46032
46195
46295
46304
46354
46388
46388
46454
46463
46666
46809
46842
46870
46919
47125
47134
47168
47198
47292
47475
47513
47699
47706
47758
47868
47894
47963
47969
47982
47999
48046
48065
48128
48162
48394
48399
48592
48689
48769
48855
48856
48947
48955
49013
49015
49127
49205
49213
49236
49247
49273
49294
49301
49344
49347
49386
49640
49655
49660
49737
49847
49920
50077
50227
50352
50361
50406
50437
50532
50552
50584
50652
50666
50704
50882
50924
50967
50992
51031
51079
51178
51185
51188
51229
51230
51365
51388
51442
51476
51483
51883
51915
51926
51933
51936
51961
52038
52242
52335
52521
52704
52782
52879
52904
52954
53040
53343
53483
53502
53570
53656
53669
53683
53715
53747
53839
53903
54066
54169
54253
54388
54426
54518
54632
54671
54675
54879
54894
54920
55041
55099
55105
55297
55359
55382
55420
55491
55543
55555
55671
55842
55849
55884
56004
56089
56181
56401
56438
56480
56604
56650
56657
56691
56840
56909
56980
57047
57314
57387
57470
57555
57592
57599
57641
57751
57857
57930
57982
57990
57998
58008
58013
58090
58141
58149
58219
58228
58390
58461
58483
58530
58554
58573
58584
58622
58634
58660
58791
58815
58844
58882
58892
58944
58969
58975
58982
59002
59003
59162
59188
59240
59300
59325
59484
59516
59519
59533
59546
59557
59606
59667
59684
59691
59922
59955
59968
60086
60124
60173
60281
60364
60424
60498
60539
60645
60645
60660
60734
60746
60776
60873
61006
61033
61103
61210
61223
61295
61297
61431
61496
61528
61676
61703
61802
61827
62166
62255
62256
62267
62393
62417
62435
62452
62493
62520
62551
62553
62564
62615
62616
62678
62716
62799
62869
62905
62938
62958
62971
62991
63066
63067
63101
63140
63238
63250
63258
63270
63281
63437
63464
63485
63510
63525
63562
63570
63579
63650
63664
63667
63684
63829
63921
63947
63959
64098
64127
64181
64196
64198
64243
64244
64304
64357
64390
64413
64416
64454
64475
64487
64496
64658
64747
64775
64815
64843
64846
65035
65080
65155
65170
65179
65222
65305
65321
65416
65449
